
1101000101011001001000000101011001101010111110010111001111101100010000001101110000000000110101101010101011010110011010100101011100
0011010110101011010001000011100100011110000111000100100001110100001100000110010000001110100010100110111010101000101011001011101001
1011000000101111010000110111111001000111110100110011111000001101010101000011100101000010100110010101111011101100011010110110000111
1111010001100100001111000110111111010000100111101111001100101000000011110011110010000011101001100000001111111110010001101100011000
0110101111001110000000110010110101010010110011111101110100011111100111001001111001100010111001011111000001111110100001100000101101
0001110101111101100010101010010101111010010110100000100101011011000111001000000101010110010000001100100001101001111000000101010010
0011010000011010001110111111010111111010001001101100001101011111011111010010011000011001100000010101000100111000010010010010100110
0011011010000011100011111110010001110101110111111001000101100001011001001111011010111101101100101010101101000001111110101010100000
1111101010111100110011001010100101011100111111110100011100011011010100001101011010110111001111111011111111111101111100111001011001
1111101101101111111011001000100100011000000100010010101111101100011110010111101101100010110001100101110001110101011111110000010001
0001010000011110010110001100010000001011010110001110000101001011110011110010101011000010010000100100011010101101011101111100000111
0100000110111010101011100110111101101000110011011011010001001001100111010010111011111110111001001011010011011101001100100100001010
1001011011100000101100001111000000110100101100101001101101011010011100010010110111000111100011011100101010101101010111010010111100
1000111000111100111101101101001101101110101010010011110000101101111101100101011010101010010001011001011100001111111011111100000001
0011100010011101100001111100110010110001000001001101111010010000001010010000100011001100000000011110000001010110011101110000100111
0010110001011011110100011111010001100111000101101110111101011011001101011110000100000010110110000101100110111111111100010001001110
1001100000001100101001001110100111111011100000000111001100101111010101001001110110011101011100011101100010110000000010111111001110
1000110101100000100111011001101000001001110010011001000100010111101111011001110011001011001010000011000101111100101000101100000000
0010010101110100111000010101111001001111000000011011100110110110101111101111111000011001101011001010010110111011110101100011001100
1100011111110110011110101001110101010110111010110111100101110110101011111111011111111111101110101111111001011101010100101111100010
0111111111100011000110101100011100111011101010000111000110001110010001001101110111100101011011010001000010000101101100111110100101
0111110000011011010010101010101000100000100001100100011101101011111001110011100111001001100101111000011111111101011010100011110100
1110101110111001101000101110001100000100100100110010100101010000010101000010000001000111110111101111001000000100011001101000001010
1011100101010000110111010101111011001000011011000010110111010101011100111000111001110100000011111101011001000111100011011110100110
0010101110001110110100001011101000100010000010100010010101100110100101111111010111000010000011110010101110011101111000011001101010
0101100010100110011011101110011011011000111010100100010011001011001010110110001101110100101000111111111100110000001100111110010101
1111100001110111110001001101101100011111111001101111011000101010111101010110110110101001000111111100110111010111100101011100000010
1111111001110001011001110101100001001011011111101010001101011110111101101100011111110101010010100001010001000000011100110001001110
1111010010010010000100110100011100101000011101001000111001101010111001110000101100000100010101001010010011110010000010001101111001
0010001110111010000110110110010011110011001011101110111111100001010110001110000001011011110101001000001111100110000111001000110110
0101100111110001100011010111110011011111100010111101001000001011010110111110000111111110111000111110010111001001001110001101000010
1101000101110110101111110011010001111101000000011110101010100110011010000110101011111111111111110110011100000011110001001011110101
1011011110010100100110111100010101110000110100100001001111101111011100101010100010111011101000100101101100011100111100010101000010
0101001110000110000010100011111001001010010010000010000111001000101000100000100001000100110010000101001011000011110110000011100111
1011000011001110001111000000000001001101010100001001100011101110101100100000101011011000011010000101000110100001011010110011001001
1010100001011011001000010100111000111110100001110000010000100000011011010110010001111000010011100110001101010100110011110110000001
1110111010010100110101010001100011010010110001001010010110001011101010010111000110010111111101001011100110001011111110000000001000
1111001001000101110011111011000001110110100111001110100011010111110000110010010011101101001101011001100011000111110111010010101101
1010001101010000000110100110100111110101010011100001010111101011101100100011010000110011011101000101100101111010110001001001000110
1010110101101000000100000111001001111110100101111010010110101011100110010100000100001111011110010000011011001110100000010001111000
1100100101001010111100010110000100110000011011101001000110000011000000100001100000011101110001010110110010101110110001011100101000
1010001001111101101011010101111100100110001001100011011001010010010011001111110001100101000101110011010011100110110011101001111000
1010000001010001110101011111111101101100111010011001111100011011011110110101111000110011110011001000100110011100101100101101000100
0110101110001001001011001011000001110010001001101111111101000111001111100001100111100001011111001000001011011100001111000110111000
0010001011110101110010000111011100110000001001000101010011111110000001110110110010101101001010101000001001110101000001010000010110
0101110001101110110100001011001001111111110001101000010011101010010011011111101011110001101111010010011001100100111110010001100001
1101110100101010111100101111011111111001000010101100011111111110111100001100000110001100111101001010110011001010100001010110111000
0100100101110010001001110110101001100011011010000101010110110010100010000011100110001100111110010101010110011110001101111011100001
1010000100010111111110110101110100111000101010101100101001110111001011001110101010010110101011111110110001101001000100101000011001
1010011111101101011110010000011001011100111110000101011001110101100000110000100001110011001000110011001110001001000101111001010110
0111101011100001101001110001010000010111101010101111001011001111100000010110000001111110001101011001110111011011100000000110001101
1001101011001111001001000000001100110010110100111101110111011001010110001010101101001100011111100001101101000100100110001001011100
1000011001011010100111010011100100111001110010101010011101101100011011110001010001111010001000101100100000111110100000000011100010
0000110110111110010011111110011000000001111010111111100110000111111111101000011111001111111001110010111101110011001110001001100100
0110101000000101111000100011100000001101011011101011000101001001101011010010101101110100011000110001110111110011011101011011010000

                 gitHub : https://github.com/jukill27
   =[ coding by Hamdan Gans ]
   
   